15241578994055784231214753778082609447187928562109434663161103346136259879134278130163085064624294926078341848651120142051516632677945358024691416704770573997866200731595789971041
15241578994055784231214753778082609447187928562109434663161103346136259879134278130163085064624294926078341848651120142051516632677945358024691416704770573997866200731595789971041

123456789987654321123456789987654321123456789987654321123456789987654321123456789987654321
123456789987654321123456789987654321123456789987654321123456789987654321123456789987654321


4927929751972917512154871278917512451264124142615121211122445577998632454819719721517256121527152414512912752892481259728594215927827546128795
4927929751972917512154871278917512451264124142615121211122445577998632454819719721517256121527152414512912752892481259728594215927827546128795

124621621070262740627060606240622097219071029012902000000120912902001020902942090002190297209701027962954160540000
124621621070262740627060606240622097219071029012902000000120912902001020902942090002190297209701027962954160540000

123456789987654321123456789987654321123456789987654321123456789987654321123456789987654321
123456789987654321123456789987654321123456789987654321123456789987654321123456789987654321

111111111111111111111111111111
222222222222222222222222222222


999999999999999999999999999999999999999999999999999999999999999999999999999999999
11111111111111111111111111111111111111111111111111111

123456789987654321123456789
0

5326
3678

9999
999

52132
3845
55977
